id	slope	elevation	distancetoroadsandcities	protectedarea	fire	poaching	logging	forestspeciesabundance	carbonsequestration
1	-0.840855480786298	-0.0847168184641842	-1.45505458044605	0	0.506668173009633	-0.305064772364803	-0.420630831466806	-1.59239883405748	1.26488174714137
2	1.38435934347858	0.199059826536733	1.24456289489992	1	0.738534697797753	1.04090634129548	-3.28395118429805	3.48284916959595	5.65689333121984
3	-1.25549186262767	1.22982583039625	-0.43194706613794	1	0.593877107877539	-1.81791005775962	-2.78396787839426	2.38755112623667	2.996870854276
4	0.0701427664273268	0.00455253057076977	0.00686927600975185	0	0.744677717009033	0.36347557998041	-0.992404705081358	-0.771583027233254	0.592407987279735
5	1.71144087270237	-1.29460763678686	0.124551048768401	0	1.28697381467383	1.79122840226096	0.112320329940897	-3.04943668522549	-0.637031395263891
6	-0.602907981454667	-0.397161379706572	-0.409628629989087	0	-2.3660613830433	1.13238964459753	0.0767832447606552	0.628161885469093	0.704604007912335
7	-0.472166385166945	1.73948198807054	0.563413642915204	0	1.20003878181713	1.99181486983173	-0.806815867610049	0.744651136265657	1.58727992676821
8	-0.635371312524283	1.02302095488924	1.60695811472617	0	-0.434361853099282	0.919744067501513	0.384403305431831	0.449782322037808	0.859396045252955
9	-0.285773634866154	-0.527567252301625	-1.00195167321762	0	-0.446360027902161	-0.313030241240343	0.585967994298279	1.71300250426114	1.2372177212199
10	0.138108224803923	0.845996179451355	0.509325897543373	0	-0.0703731546862199	0.472983992536387	-0.244632309337314	-1.11788806326271	0.647297405243048
11	1.22763034385346	0.821549397631168	0.353716734739485	1	0.162126040574772	0.793472127227273	-1.34335340201712	0.898478804307722	2.60276938075587
12	-0.801779454652824	-1.33576938677815	0.196861225483997	0	2.25211334701572	0.435468003335092	0.979701136532395	-3.27412281578147	-1.3048167322613
13	-1.08039260002739	1.04311804405688	1.02408529121092	0	0.240255949497286	0.103749162677213	2.24083212732554	-1.84181723717265	-0.893774839149854
14	-0.157534356106882	-1.12299091967304	-0.953975346815874	0	-1.68112037143565	-1.7789156325334	-0.196269573206805	1.63608021651386	-1.45239772805207
15	-1.07176003987792	0.69092329306684	0.469299523994458	0	-0.0351932973750494	-0.205209531110872	-0.510472698545066	0.986144097028994	1.54165369425958
16	-0.138986140549846	0.368605571904535	-0.0841599988222218	0	-1.87463178967042	-0.322704393521974	-1.00150281738196	3.83925391657486	3.18656184224673
17	-0.597313094712925	0.648513361667901	-1.13043686124259	1	-0.390667795444971	-3.2496051193481	-2.82271361948036	3.72777458617189	3.26916218468292
18	-2.18396676009159	-0.439830314399336	-0.230487489221065	0	-0.756063976617365	-0.402121347343303	-0.300093378071562	0.679687506659594	1.97301245635091
19	0.240817255936695	-0.866420854775681	-0.0332620882364353	0	-0.910468172743874	-0.03353058237108	-1.33249015909945	0.951051536940787	0.665540880868774
20	-0.259355406734251	0.865300602636453	-1.00303534760141	1	-2.80548018247433	-1.89642818011521	-3.63978387417486	3.60440112534675	5.87145194757448
21	0.900511945333252	-0.509815202942368	0.0715423627104256	1	-0.258882785465724	-1.03010112897372	-1.04293230838719	0.990846195511048	-0.180419176713025
22	0.941869393867744	-0.75877632362907	1.58742119127772	0	1.6451679704667	1.9889188247073	1.67591327780095	-4.45095149784331	-2.05948688487666
23	1.4679619034197	3.40187203166968	0.427751930293748	1	0.306097437550666	0.520779369318316	-5.27554523530106	2.99698857487655	6.5536410647039
24	0.706761089557912	-0.450415989951869	0.308248594071914	0	2.74662475485302	0.300919300040854	0.961112382386603	-3.13118257430051	-3.11701396879386
25	0.819008930262152	1.72919814675032	0.121656262269722	0	1.59675775053207	-0.483821113409347	-1.11437446317155	2.61910782782581	1.97351330146828
26	-0.293481848702452	-0.718488290888839	-1.31702403849737	0	-2.55121446647911	-1.34922075164788	-0.152970004977185	1.58816043824381	0.893453671822665
27	1.41858907248595	0.533619595916276	-0.909648054669126	1	0.759692285903903	-2.42838236012299	-3.97184815609275	3.24591070310756	4.53139638538392
28	1.49877382740649	-0.0701869317107351	-0.547850928508505	1	-0.525495732353957	-2.54360981111435	-1.62343952068719	4.74633769874897	1.74326414007984
29	-0.657082094485664	-1.55056351185215	-0.786164875394495	1	-1.03045206008839	-1.53075425668423	0.410164067854815	1.33186955221362	-0.551231598121704
30	-0.852795440002	0.273427523440173	0.361859807915651	0	0.081700066640011	1.59374230529383	-0.0726571995881313	1.04309864717302	0.698523358252407
31	0.315915038361467	1.88523497746531	-0.319370903098548	1	0.0243701647827146	1.43858611092773	-4.19312950679697	2.14586366678175	3.00873296107016
32	1.10969416765886	0.843198996680149	0.453330251261566	1	-0.853806137610285	0.699632519723229	-0.92416388817981	1.68847323761607	0.395185305422736
33	2.21546057167805	0.33453391983442	0.187373442471519	1	-0.572736369368479	-2.40159217056343	-4.18371353476033	4.18106055609747	4.88027441959881
34	1.21710363895734	0.0203854662152474	0.813470637184364	1	0.223021995037923	-0.460699960002632	-1.71863370870424	0.156146818954582	2.39279462953774
35	1.47922178663827	-1.00729153824157	-1.14919829118453	1	-1.59133932879606	-3.02992448259746	-3.09506020564809	6.2467373144234	5.20194686233369
36	0.951573832417858	0.412693957081604	-1.00233463501363	0	0.259469632344764	-0.295665148506383	-2.2022313571641	0.973027681070134	0.456431745976493
37	-1.00953264596257	-0.767032338748634	1.27034153642006	0	2.088329205742	0.0499727509893582	1.12821703244958	-1.50300476995805	-0.948397912594018
38	-2.00047273863795	0.924991877966737	0.225266278332451	0	-0.57012831839919	0.172305810047095	0.255587290757302	-0.207480452146599	-0.912290318508404
39	-1.76218587245206	0.309149447504625	-1.42888081087174	1	-0.921950307393151	-3.3435060852253	-0.925028950541308	1.88877830168666	1.4242882296231
40	-0.14260812595506	1.96684536311619	-0.636583088057782	1	-1.01174791446857	-1.58802351509982	-4.02187462656682	3.47090456002545	5.23960172713206
41	1.55006036948313	-0.937537800177995	0.0242704720332375	1	-0.429727034135239	-0.118471538789985	-1.61241850205431	1.3405499264516	0.134206384910723
42	-0.802423181714772	0.42047397594086	1.63998670774177	0	0.685051128896024	1.00992964600394	0.649497206595594	-0.266941448305876	-0.176879698977842
43	-0.0745789198826713	-0.539202237108526	2.53711505982068	0	1.05085007839216	3.56581487984371	1.89142409201348	-4.39108685335999	-2.85333800842455
44	1.89566795472246	0.868593878475658	0.0308872586177307	1	-0.379692411596801	-3.08080684707358	-5.11296364419599	4.74031587264902	3.65421679940884
45	-0.456568940920431	1.15015751936285	0.162896179923929	1	-0.096849687867333	-0.796629778508226	-0.957502635539653	1.37575262007111	1.95057230445042
46	0.56222336264302	0.0176959999519339	-0.696807445911743	1	-1.24678993275592	-2.64549038619055	-1.75741604725718	2.89263268873096	3.73702792337118
47	-0.887008511511427	-0.927844334899094	1.86248486676183	0	0.368429477663971	0.99137841867146	2.91680560272793	-3.8366915286877	-3.02740745507511
48	-0.460244576195178	-0.505731944537932	0.394783950686612	1	0.221155276564283	-1.46132214617107	-2.60946234265924	1.59473247327642	2.45852409890404
49	-0.724328486067471	1.22573317899648	-0.83123963718316	0	-0.876556257362812	-0.00543848076493758	-0.655129967428172	1.44029799095318	1.45653905463706
50	-0.0692111558341109	1.21037772903786	-1.57671782504628	1	-1.69773973010788	-1.62825183442001	-4.40685247569487	3.80279936760178	5.01701491145003
51	1.46324856294868	-1.69827370079541	0.510324080345008	0	0.814824986600277	1.54970575013489	0.666704971613166	-3.55780985274844	-0.83971235013971
52	0.187726097433136	0.0946963701940617	-1.44637216410212	1	-1.10687330816327	-4.49068070475063	-2.95345370693555	4.55184380725914	4.22587178480897
53	1.02202286133084	0.762139340022413	-1.14937373942287	1	-0.0869372872902969	-2.99674258022562	-3.49332048302656	4.70520935470381	2.68289977645657
54	-0.591834832951038	2.36720358856138	-1.45219585440441	1	-1.39485754891024	-1.9500884760342	-4.15681149186093	4.50089921629287	4.21120953470991
55	-0.112200655036137	-0.0437028197028803	-0.416498907864282	0	-0.326553528269474	0.434490480812598	-3.10948035238867	2.5681219659441	2.98700953809967
56	-0.924953085865683	0.0670980449800321	1.72926133529489	0	1.84748740980825	1.90538950280806	1.02313061554003	-3.053759008641	-4.31746691975699
57	0.753304798295517	0.155296920714025	-0.53686866726436	0	-2.03605912869869	0.11323892226695	-1.36097894642488	0.908514981291941	0.0459374135685859
58	-0.112609070203049	-0.532872885953513	1.07253073629502	1	2.11858653814512	-0.403249596717731	-1.79813803285838	1.01112345999856	3.20699886362426
59	-0.0640909282197963	-1.82897354396687	-0.428423859779426	1	-1.62427727575382	-0.825674550818236	1.11681144188965	-0.111088474332067	-0.433030583808395
60	0.233275293545762	0.600554626479815	1.00812212435641	1	1.57168460022971	-0.0237230691837475	-1.97419077358148	1.56934420438054	3.89522103882166
61	-1.13658280314849	0.0853400833341958	-1.05140526221663	0	-0.909403182123575	-0.148251753808795	-0.351431906365119	0.625869083079513	1.49325028147326
62	0.854830423128456	-0.396573561305509	0.416472333298314	0	2.05347204984241	0.546647583594072	0.0694437846373171	-0.0168041441459927	1.19647957114611
63	-0.578370418961854	-1.61741431362548	0.795446589308141	0	0.765440183347929	0.77904002202033	1.77532078000793	-2.59017704070283	-2.15214881630691
64	0.496361539030152	-0.0229052535902337	1.46834951686769	0	0.621878010216754	1.80559927638715	1.909133492566	-3.44009865139022	-4.21394749648877
65	-0.760057930611788	0.406281024607851	0.156620959137556	0	0.509235224612309	-0.151121643625335	1.28708169357141	-0.0327738855525214	-1.73249150736367
66	-0.341386270399429	0.509045869742318	-0.00605878707351843	0	0.272600109398969	-0.637354896411465	-0.421893848161887	0.818202163669424	1.26641553767848
67	-2.1023291204778	1.58667107691061	0.517898064394107	0	1.02716678454926	0.0215533671771301	-0.197397109581444	-0.572756261318821	0.708521968749658
68	-0.301702281368895	1.04631177552351	-0.812061260448118	1	-1.3664584180524	-1.64573797076854	-0.879746476709606	3.41554188473346	2.55140372969068
69	-1.2723834421812	-1.04793830757584	0.518137818705374	0	1.43584318856701	1.86490309228014	2.78271208953557	-3.91506425207936	-4.67888152120097
70	-0.279666109809229	-0.790600527327352	-0.537654786186392	1	-0.472117786640914	-1.61644482851336	-2.14477778433365	0.572673292817795	3.05280950469494
71	-0.204097320819576	0.467298191286796	0.709858634073746	0	0.611279096574637	0.756831231111767	0.0577666524575949	-0.672492264110157	-0.159709566005105
72	-0.225614185517355	0.553826861230273	2.13917900335501	0	1.95714174549994	2.71278407670736	0.791511277948356	-3.29477570352812	-1.21615969972882
73	0.347028452022099	-0.680978405465941	0.705982523329173	0	1.13963855393587	0.605339328538953	1.58125526451996	-1.56121757545078	-2.44293776667812
74	0.0323678425979233	-2.79495960297883	2.40283562145265	0	2.3836752715371	3.49179863932912	4.3195445833047	-4.59896330167332	-4.59546101455132
75	0.413531289671798	-1.08458612593446	-0.459171862298128	0	-2.4207888909629	-0.665319438793051	-0.00759853106700006	0.502586165117469	1.06890762487849
76	-0.155348476625379	-0.657097798862177	-0.276606408355146	1	0.69271140406208	-0.610404242096187	-0.89497377083097	1.14841127761361	-0.0442074368813581
77	0.973485392483047	-0.969290747934183	-0.911957039500993	1	0.883381165567705	-1.51949586068459	-2.79210469950518	3.1202310480602	5.31203965384507
78	0.121090142773478	0.412763201972548	-0.253164098760254	0	-2.51810438799281	-0.59360286392653	-0.994728843487654	1.74554163585078	2.72161956630186
79	0.189173691477455	-0.915410285753447	-1.34495068351156	0	-1.32338310555559	0.242576885653017	0.936230028757744	-0.792849857281706	0.486263606822002
80	-0.562885069825959	-0.448315999209531	-0.757648365711532	0	-2.53153109421106	-2.76672778054625	1.42255286545584	0.923815129780056	-0.086194335971771
81	0.498416165001331	-0.798502011555359	-0.0595974702278519	0	0.999995445921223	-0.544561366602863	-0.065811016013021	-0.792146702190321	-2.13991137826633
82	-1.74230249336309	-1.01728785605895	0.0925740555947421	0	-0.450734699774476	0.327979240421658	2.57534222025091	-1.14531217987644	-3.57530150691409
83	0.975529097203687	1.01498892241875	-0.40940108383782	1	-0.621847031947544	-1.99985898267362	-2.51604302544934	1.97412155243073	3.5643811307911
84	-0.0240828727364371	-0.651507685380922	0.0640014399663933	0	-0.729449583431163	0.611543978795585	0.707963160153265	-0.986516669060503	-0.711351673674478
85	0.675684475314084	0.0382158494957496	-0.8103627021425	1	-0.795218395438819	-1.65228873183199	-4.07738081917727	4.25324065010915	5.39750418569425
86	-0.710309605053391	0.184078666858228	-0.0861595380870592	1	-0.268263372907957	-0.277594533035196	-2.6697926205865	2.82935588697231	1.76177110837868
87	2.38723264637739	0.451722586344183	0.263963327001994	1	0.273474439445483	0.955755999235265	-1.91327974754879	0.412127702890313	0.95340350375062
88	-0.473432012196463	0.307880064770184	-1.30783184846206	1	-1.27564758793113	-2.85387608370473	-2.1599220120299	3.0046213079813	3.53333694378932
89	-0.0757725566667704	0.284858233023824	1.08618609524558	0	-1.21410021770941	1.23256428854018	1.0206001868025	-0.78579851557678	-0.33157115901285
90	-0.521840056478283	0.664551039452082	1.02516844713354	0	0.929809939745177	0.650161035161333	1.37724713446139	-0.61439611813815	-1.97155326439971
91	0.926047134562351	-0.330974788097952	-0.608179573768904	1	-1.10290171545807	-2.58161631678399	0.0609527798381055	-1.02583771922339	-0.174076683475501
92	-1.06241117161421	1.49159813336496	0.0872944751245303	1	-1.41118278989481	-1.61453376968206	-0.945316021075783	1.49916335011357	1.92695049740387
93	0.557033866297959	0.172090209859314	1.47582898273017	0	1.73763739763757	3.57167020176446	0.791820035952943	-1.75642215754546	-0.740529539894631
94	0.900730584912171	0.19116028280901	2.3413366507703	0	0.751235374690863	-0.357698036409128	0.134245486561061	2.17573230586707	1.71595648445715
95	0.989945683688183	-0.279615008091513	-2.0080202211371	1	-1.23928381248043	-4.0951198807414	-3.92051177618602	5.29046587371094	5.18100785708236
96	0.383608087579678	0.775019562034645	-0.623211549910457	1	0.399224132567487	-2.19417345202971	-2.72290761125679	4.45747934825262	4.47915787746394
97	-0.346583813698718	-0.33584529069881	0.454940520830717	1	-1.15715627653225	-0.825923202239315	-3.8055468508594	3.64343777839058	3.01833712214312
98	-0.540189250004419	-0.0105294934622509	-0.391792934384422	1	0.897303465641831	-0.913432390494178	-2.58003701327064	1.09659367079413	2.33341888277714
99	-0.182555593266753	-0.139135002984789	0.0116435383379402	0	0.215956797399034	0.035473497757993	1.87724097152194	-0.659900973853317	-1.82625831242945
100	-0.0592996499937566	-0.0534659473403081	-0.223239230453917	0	-0.802692763843585	1.16209587519865	-0.513070393491744	0.00534785200935716	1.08199177607027
101	-1.99538696782384	1.32949616516924	-1.18819771157769	0	-2.20551062779773	-1.21475746861054	0.287549949995539	0.955256530210897	0.508935406469524
102	1.13531128117098	0.989769379576027	-0.112982325824603	1	-2.01177160215438	-2.00071466032136	-1.81999354575524	3.92281769277184	5.49572813117309
103	0.675794565753826	1.66456578721462	-0.568207654325459	0	-0.333173986718995	0.342031384390149	-0.983463460082806	1.84228511217884	-0.176620404061665
104	0.208483263107273	-2.11988364849313	-2.67588427349903	1	-0.915976550379451	-3.41009490899033	-1.44182290193258	4.43563586345932	2.09932209132507
105	-0.0578456420850543	0.141480816928393	-0.193132377950472	1	0.892751287959255	-1.00718219175393	-2.18957913708478	1.55810319296131	5.47645954635898
106	0.893811414102594	-0.177806202722874	0.687832008870636	1	1.00114634495555	-1.30690911332365	-3.39702376907304	2.70926465198038	4.46259865841637
107	-0.228865380775571	0.297883929830448	1.60410097255219	0	1.79893771689023	-0.0397408945293034	0.427907898782571	-0.832528258921567	-0.660861515144941
108	-1.96565264964054	1.13943334805143	1.2065154120856	0	0.0312718765857015	0.598591299120181	0.278809813956074	1.43546853350684	0.00383416916362161
109	-0.753510445823568	0.126737532522737	0.74083846451234	0	0.646624107877978	0.35843489323128	2.03941783825953	0.0295911853168664	-1.23762137016875
110	1.28015162444013	-0.485950257043574	0.241231270177656	1	1.99887075210177	-1.46880091981098	-2.97939209732459	1.38319267916734	1.97000473721869
111	-0.952904959742162	-1.00383169086494	1.05277285327261	0	0.513663026845359	1.39289916960943	3.09767119686497	-3.10891456263665	-3.16564848038806
112	1.62237939300938	1.78420319846274	1.79234274965296	0	1.24831426539269	-0.0038117205964654	-1.79426656767256	0.751965020508189	1.39839728876296
113	2.60014202012244	-0.867144558609559	1.38124968981701	1	-0.25271047323119	0.382184198836519	-4.06531309542767	3.62561746745775	4.17372967207971
114	0.139648505121955	-0.970574784862951	0.654784572611691	0	0.10069730690444	1.80141735284051	1.08678391391605	-1.15606148987274	-1.73122344219021
115	-1.35071967312748	-1.20287478284039	1.89573898787404	0	1.10609111538079	1.64945236720163	2.49697553955211	-5.23749938453929	-4.4590166883308
116	0.798931017947904	-0.36731349648172	0.260448859857717	1	-0.201041441799095	-1.28178462028941	-0.754786440103787	2.47810506957776	2.17982601570116
117	-1.55499584044527	0.0137736148415425	-1.12713864966648	1	-2.24278473734653	-4.23508518216676	-0.403734722244774	4.64151034493794	1.39274047040506
118	0.463720056793994	1.3200887098622	-1.10539397038747	1	-0.965002887947182	-1.60914140598668	-3.87817612181932	3.48929381636026	4.32966731697274
119	0.0524295645731926	0.489273673971487	-0.620768282398834	1	-0.299635247234351	-1.38123950921039	-3.21926555558401	3.54634009090529	4.82750666784478
120	-0.202031800720549	-1.20238026757399	-1.52978914511019	0	-0.503658285094943	-1.90597083586713	0.154076898610196	0.448519730351352	0.159218592759525
121	1.170856422007	-0.873557167467372	1.08897937702527	1	-0.371946344168757	-1.03054145317302	-1.43624022366122	2.49100197441626	2.32345885368653
122	0.884844855572036	0.11195403542157	-0.152919969158769	0	0.389501108734885	-0.439263996197308	0.479171088968582	-0.930708853567278	0.200659053889497
123	-1.31788860387717	1.51423137997745	0.26186346156017	0	-3.19588340167437	-0.794181504740747	0.737010672672486	1.61749074894573	-0.711316805821739
124	-1.64325093560507	0.376559837452645	0.816179505081123	1	0.764601299577658	-0.609047745194653	-2.22415292530297	1.27235220339658	2.07564398920618
125	1.0592503872462	1.29728144169077	-2.26587896311009	1	-2.77799735615648	-4.49148445534979	-4.32250521995188	7.83278464671136	4.35115323537242
126	0.290083581388744	2.56235656186114	-1.04051270624482	1	-0.527686088268208	-1.23681785611116	-6.12779743281013	6.55274594367754	7.58866718415842
127	-0.400033498893936	-1.00202465534871	-0.942165279705351	0	0.12340597602647	-1.53781553650633	-0.131914111996951	-0.250473291509116	-0.126061164561408
128	1.24309577806468	0.800667328251457	1.11293435992029	1	0.30488236247523	-1.2942473139913	-4.23952228720536	5.01808965644286	5.88560652234242
129	-1.36641051800538	-1.03598816863456	0.623065651444219	0	1.33581354467211	0.362822048735075	0.857264489149243	-0.749268301005051	-0.991674512149404
130	-1.44141330181324	1.36587748870005	2.01153631582292	0	0.313946637536073	1.26217364001111	1.86819596623189	-3.03985298341186	-3.94802736869235
131	1.34854905502778	-0.22922105428366	-1.85225452736666	1	-3.15255839547069	-2.01084243479331	-4.70619325288441	6.80309997797449	6.80230419523714
132	-1.97852833969393	-0.267813093920605	0.178869387505877	0	0.713524418455863	-0.801384735180492	1.65811120450387	-1.64344996234866	-1.13957730412212
133	-1.24095058404706	0.373691036815417	-0.335349449734694	0	1.82978973946529	0.873732466333578	1.23028178971408	-2.90026959828308	-2.33983335842174
134	-0.104039127810068	0.980535553174837	0.17493318209532	0	-0.944364234116423	-0.559501148958902	0.636239929334149	-0.350649455508841	-1.29975004839293
135	0.732972958643441	2.28129141976632	-0.3019575094236	1	-0.8216988672443	-2.76509061802093	-3.65871709510407	2.83132630760966	5.86456717110415
136	0.455679623259831	0.532324966195223	0.40090147900554	1	-1.42122006795865	0.250148433699361	-0.752967523721755	2.10086354649266	0.146732283405848
137	0.288079547542953	0.498830788856053	-0.201540136997852	1	-1.71131059368292	-0.861945540259528	-1.11607519507162	0.653787561871848	-0.449373068041331
138	-1.07369091067627	0.154100500333866	-0.65037434610981	0	0.573410400687567	-0.664759368342934	-1.47418145281811	0.364040366663074	2.68177890491613
139	0.648742539463705	0.0827732520908645	-0.0315180158138975	1	-1.69407688808271	0.327777824959683	-1.67284773669639	3.15962455175111	0.30026220652201
140	0.299162278550541	-1.58597728899782	1.25338846850688	1	-2.41265739742725	0.98480857982664	1.7391194455335	-0.556060795056534	-1.72176935426721
141	-0.795994993036327	-1.52955542527217	0.903504908382666	0	0.647716961373203	0.304953519723076	3.80854077524369	-1.62151952183768	-5.22594937579606
142	-0.0293533971599339	1.72415550821118	-0.682817802734448	1	-0.914565094688312	-1.66077812749391	-3.45254404514659	3.43949264857042	4.66463854372211
143	2.18023570119832	0.204569301642757	-1.54208939861497	1	-0.872905926471956	-1.45400035344218	-2.36094059034772	3.52660618228153	3.97920406418115
144	0.95741846863436	1.23780901027664	0.570471556237066	1	-0.61196451192692	-0.782894821556057	-3.33515793099973	3.47446700329196	2.86612112754908
145	-0.305048634884937	0.242963732168926	-1.18792101122349	1	-1.50587695800848	-2.3041778960255	-1.54985838733652	3.5848589484596	2.3624796816259
146	-0.418403338888872	1.01354365341636	-0.385609865945907	0	1.7211380407456	1.66655371784474	0.192860967539706	-2.83521677721036	-0.171052202684975
147	0.099954049003644	1.2824896504923	-1.32510977060556	1	-2.52622236096096	-1.15673641824281	-2.525047632192	3.51978277189071	3.74129950447243
148	-0.229809618161776	0.289209162628308	-0.300708236058441	0	-1.62643458596589	-0.251507793026991	-1.36522017086249	2.83562475651345	1.79722706114826
149	-1.4152148761828	-2.40368595489398	-0.256499073145708	0	0.32175854382241	-0.835551138625132	1.1054052780851	-2.96952881772454	-3.82440636191092
150	-0.392598862309439	2.26859368832517	-0.932719967800552	1	-0.997613946145362	-1.0188610516405	-3.94033691126404	3.97489826936604	4.20155448809401
151	0.946088549949595	-0.611040029005041	1.11012113882596	1	1.81530578914778	1.51042130528121	-0.664117409796614	-1.76008846903357	0.404953242874454
152	0.751770872113376	-0.463479823819996	-0.768894842093996	0	-2.15881516394106	-2.25913973311212	-1.99532901097558	4.52599456936514	4.13287976246742
153	-0.517376848489059	-1.48171144695739	0.510829745658955	0	0.440862778381259	-0.670387368969628	2.26100701219012	-1.34689634234794	-2.05915866508954
154	0.808335978394552	-0.304140954866246	2.01506105093718	0	2.87669667325385	3.63694994391285	-0.641263785728116	-2.72537511313899	-0.934602038733876
155	-0.614535223332354	0.313265182004862	2.03768449257275	0	1.63220445549063	0.770598463534412	0.0373760622935695	0.24053530599901	0.235198726506791
156	1.23825892826958	-0.265018541995397	1.03677474670936	0	0.807246604962804	1.00344750773556	-1.40956003792554	-1.1284170602707	1.83840999051362
157	-0.338095142470524	-1.36033846885141	0.113197508795384	0	0.827990570936704	-0.213100662928508	1.0235997990934	-1.25072987082927	-1.22804377034635
158	1.19636636309019	0.394405150631103	0.398034194789091	1	0.237473336955408	0.113514054551414	-4.60489450480441	2.28950433444988	5.01938938464537
159	-0.443318378624522	0.538715766270491	0.0437465154206419	0	-0.193113008270255	0.125714090592781	-0.102870655038663	-0.00972410980530017	-1.44687435001904
160	0.186114897250295	2.13729196528529	-0.792166372472168	1	0.939546876716751	-1.83051707782724	-3.04142830158753	2.40586024333105	4.29207701718119
161	-2.62134481265259	0.207298219734903	-0.530615115009799	0	-0.554887088657564	-2.64784250336547	0.354273486124191	2.80322701172814	1.2070387331174
162	2.2462546198522	-1.27663927923516	1.50139155165145	0	1.56155868086565	0.909973082931689	-1.10426505173606	-0.371244631312699	1.80755382972623
163	0.0934316810758117	-0.515669447389577	0.526542305002594	0	0.386428658129153	-0.768830847699013	-0.906750298439152	1.8765169729624	2.38739055918353
164	1.62728009336595	-0.0788956438935783	0.264948123154061	1	0.40399351593153	-0.601529297216636	-3.22805770736238	2.22046458146751	4.14311345037467
165	-0.510917549165113	0.638348473963491	1.90729377575302	0	1.41582576389839	1.1575288644803	1.92037577072187	-0.31113483172986	-2.25460523469474
166	-0.659380837662399	0.812925028072253	0.696559222198624	0	0.375988717846664	0.806828884673804	-0.00835466199259927	-1.15075929506715	-1.64752886375006
167	-0.0401901602379476	-0.893184781024639	-0.307992315573455	0	-0.316381894693275	0.594930399322147	-1.15232795192229	0.115316093598579	0.213798903818178
168	-0.118694001769377	-0.401595576054654	-0.467975562684087	0	-0.737874339736887	-0.0449170739253517	0.0141904556308134	1.04785800084574	0.527706882981715
169	-0.0196568645371491	0.824127949850336	0.188763951081982	0	0.0646920146758685	0.22252985290116	-2.31416944437119	-0.20378370395958	1.75346787598291
170	-0.485678485579132	-1.30401070744198	0.633411648808452	0	0.0558310384452651	-1.05516579082103	1.39975055549688	-0.642485797777134	-0.378477076568627
171	-1.4401475242738	0.87326614570436	-0.979443770897969	1	-0.420473297172179	-1.88852088426068	-1.34791481671113	2.95466198171511	0.854095167053497
172	0.14376887773926	0.689705267999638	-2.44939342329546	1	-2.11475857349511	-2.52827104490516	-4.50656688310653	5.02297191244097	5.7145874673308
173	-1.23458665426697	-0.853394494760843	0.0822426553391706	0	1.32812829503257	-0.878810996418942	1.52493614340444	-1.73931870418417	-0.864908182244835
174	-1.75250120992842	0.654166469012505	1.04455525320849	1	0.54104088049264	-1.13011383075808	0.100792950416555	1.26542537932105	1.54548656916521
175	-0.0354962870507054	1.40000880641261	-0.020514080564609	1	2.36082489263674	-0.446516186296161	-2.03163678535457	1.33618509090778	1.37073810188882
176	0.332034908601844	1.00243228856714	-0.0466494203533968	1	-0.454464732101639	-1.38786499408369	-1.39392374854987	2.27532177017421	1.98005483266071
177	1.57228825632823	-3.04211032371371	-0.235566105658756	1	1.42848883954876	-1.4744410835711	1.09703114880423	-1.29206842173893	-1.76729615878833
178	-1.06947057239333	-0.242274126715824	1.0514344378707	0	0.884677044989206	-1.32653623575653	2.81349272866242	-0.556272099944949	-4.350185033903
179	0.91628652361472	1.85180989387431	-0.0281778750300481	1	-1.36662418371375	1.77250517210587	-2.45019392532709	0.713174199732739	1.09193452651369
180	-0.59499289628346	-1.67678159733107	0.652416950484377	0	1.34102214281189	1.24272233248952	3.15563894170984	-2.26796328095543	-3.86594756222743
181	2.18164667527861	-0.628017639291164	1.24687092071475	0	2.08878773147927	0.603583981343733	0.890726659076598	-2.69497185539317	-1.58107778041547
182	-0.683773286297962	0.253333621245638	0.946435328933896	0	0.0147340909950823	-0.0187706559988584	1.67926398553078	-1.32088349073521	0.0112139779281257
183	0.750059213801471	-0.0251887858082052	0.0325049893488991	0	0.438426481892644	0.109209090116225	-0.0446663393013793	-0.736792316626019	0.392073406543184
184	0.974382633855106	-0.186620692012802	0.777086528850521	1	-1.6022466025676	-0.447556716253092	-2.19997285313461	2.20212304122817	3.76939315361231
185	-1.26447347566128	-0.233379733523996	0.619647218165582	1	-0.885685999346683	0.195936390166493	-0.977079006162085	-0.347301749207521	1.55542161500982
186	-0.277421423584568	2.72420704828793	-0.422533182070028	1	-1.79895625868203	-3.35473061423971	-2.35867885688821	4.28415116530004	1.32487659062223
187	-0.189398694764071	-2.79259301023618	0.459620009843463	0	0.452646054402469	0.869757271526813	2.82459383075323	-1.83013299439475	-3.39635394433617
188	-0.384024946064503	1.65141713400877	0.0417500655054952	1	-0.571808774179656	0.529268396125288	-3.17370822598648	1.8508186927572	3.68579144442688
189	0.74058802317655	2.60954671498631	0.394537137432669	0	1.5897420345131	1.75118092498156	-3.90219973001459	-0.455197917111395	2.7031334460541
190	-1.16833839112118	-0.603246879723953	0.18921904085652	0	-0.349438514429427	1.55167625817014	1.14530788638886	-0.765901483716253	-1.36206121102276
191	0.667538698134934	0.41043120329422	0.502739092175824	1	0.218840062874268	-2.07393439965056	0.0867307774591928	2.12822328185991	0.231385415279371
192	0.366236949649003	0.5518675925404	-0.154894219777138	1	0.732538959244449	-1.60566730214161	-2.77428422662244	1.36234963710237	1.96928798826172
193	-0.514942993890628	-2.12214671829431	0.0640976744502003	0	0.963317738508325	0.501533018801708	1.79253595291422	-1.02536790840579	-2.16772187529378
194	0.450568239936951	-0.113899397378575	-0.382393640939657	0	0.121188388446065	-0.398580610513359	-2.07458765290779	1.69439967857776	0.0785837335649964
195	-0.187720379786406	-0.273671466970459	0.220930713693085	1	0.629575365277598	-0.906552149248889	1.34166476420068	0.988810750980067	-0.721734672930622
196	1.3390693748472	0.208377053697241	0.618741070185987	0	1.85288789682027	-2.06181030983278	-1.80221118620351	1.53667207020773	3.02209096816749
197	0.816219184277941	2.36486796638717	-0.12445677815197	1	-0.539303604993898	0.210454887860362	-4.26645915077071	3.88973403991092	5.22264018700737
198	0.0822017641474444	1.60556541751588	-1.31256708992689	1	-2.10052291382824	-1.07300773075434	-4.01349103901544	4.39429138874908	3.77746746202644
199	-0.6508627214281	1.65388884157932	0.539828535064766	1	0.443202026866218	0.21324476124096	-1.07957922543944	-0.411561738255973	1.18100978101611
200	0.726409017641226	2.2142716243912	-0.49662052413649	1	-1.02105904798018	-0.153947464489365	-3.31552046844918	0.743647063806416	3.49698448177817
201	-0.113678177255554	-0.441119911390809	0.49927059260096	0	1.13820995946887	0.459237384678821	-0.514992699999229	0.126298251974289	0.647191698747416
202	-0.295100826540589	0.563341173499211	1.5413355330862	0	1.57258309488839	1.74476392165888	2.91906513091811	-4.35377688121963	-5.72637547423021
203	0.989168469135801	1.18008943690267	0.333229475428794	0	0.0799398861477424	0.0989969540568711	-2.12025552744284	0.378917446202979	3.45122883836633
204	-0.775131805891485	-0.93377332553499	0.612103532080858	0	0.129191170201756	1.26930843360205	0.366803683038254	-0.535070281368213	-0.309409733440441
205	0.275898266616857	-0.0220070940027772	1.43168950047721	1	1.06528079118987	-0.689049399794718	-1.70775438642559	-0.591426051915636	-0.0763337488749063
206	0.410781647836812	-0.233246562373159	0.425080846717946	1	-0.884471006109692	-0.172894905001198	-1.70466228993817	2.21636428875451	3.24086285270768
207	0.611183163878515	-1.22414611780054	-0.344395854443422	0	0.517367088784619	0.240204418390791	-0.818724633859251	1.03300668069413	0.605448072240722
208	0.936570719891447	0.564314143393268	-1.46015398736308	1	-1.18635718664711	-2.53639596690403	-3.6165980847361	3.78915189221594	5.48029840571779
209	-0.367541703398849	0.718121619118596	-0.349028168036916	1	-1.39080882426572	-1.89931540122377	-0.730093934328772	3.75241778725625	2.50234048860875
210	0.740376758597461	-0.771993337723583	0.559910513195658	1	0.263624852332711	-1.21919768614472	-1.78044016902418	2.04344468909626	2.8965594291001
211	1.21853305505749	0.434233332509771	1.8105002950773	1	0.728284440636719	0.371212470109717	-0.709776764914979	-0.520143644241398	0.437524034423281
212	0.629134434134525	0.296161234024916	0.443172974230619	1	1.45485338022306	-0.403276253099153	-2.24857296729995	1.4399647058605	3.75764440096107
213	0.527746312982886	-0.971647706075806	0.291101893784536	0	1.98219224167031	-0.067824009176769	0.0570810577375931	-0.8544001830796	-0.865039927704726
214	-0.472255304538295	-0.640902191893378	0.126211724048953	0	0.134909852159476	0.201026383041704	2.00606916194931	-1.3173411492472	-1.51174854670454
215	0.823715156168399	0.922922098020643	1.38237791028039	0	0.822192990464985	-1.05553212085127	0.00519105465686415	0.29152182468533	-0.433662971506303
216	-0.427788245368348	-1.08629257407268	0.839162174146671	0	-0.195057269423529	1.42165388061165	2.09326282138653	-3.60412818614566	-3.4684802831789
217	-0.142643927350054	0.460090645588645	-0.316456631330501	1	-0.267305721724627	-2.46348174028289	-3.53887071446495	2.89454670901573	3.9523734039922
218	1.41878304909753	-0.218147958026937	1.48597473666248	0	0.809744274722288	2.02849577608867	1.68241260046831	-1.92106654573997	0.00522888331581228
219	0.487133901288602	1.32301106575141	0.204183307331103	1	-1.21856597916043	-1.49326866951292	-0.69551220165823	1.58052352539923	-0.0611324567854084
220	0.603441451074526	0.285302763941322	-1.5298152690739	1	-2.6684793107104	-2.31723523459896	-3.16816563251604	5.15601569027639	4.30558485128292
221	0.210832878837114	-0.894471366226435	1.73177897796659	0	0.708353606614304	2.3558887042147	1.09748146888645	-2.30408864129627	-2.60575979335391
222	-0.033299205842642	-0.0177601131827245	0.945493993270612	1	-2.49736467463308	0.559154329382672	0.0314536860128205	0.480303071538301	-0.0347396018666555
223	2.02519698930505	0.422302972191089	-1.10465475956152	1	-2.30428802683237	-3.29317543812256	-4.30037973604619	5.79860354351741	6.82958991244035
224	-0.370786749704425	0.123370711324812	-0.674460958565778	1	-1.36626337588168	-3.48729743089854	-1.52602882372916	4.60886537206695	3.10735506120504
225	-1.57823444956762	-1.65847722977354	-0.464451419038016	0	0.192539686751958	-0.44976391178167	1.6006399005147	-0.820962072704977	-0.827637721174497
226	-0.121571952403218	-0.127865246256843	-0.403208192720642	0	0.808546491171971	0.939573142023892	0.502919695633831	-1.6565969172443	-1.16607099725037
227	-1.79667681643541	-0.890580307197356	0.819332012579897	0	1.04840991091549	-0.989332879153482	2.78501561349339	-1.11226282860273	-3.14257477842985
228	-0.475591543080716	0.896985420169878	-0.0506727042798933	1	-0.78761072008623	1.07933947422693	-2.20949589807678	0.447145535733062	1.06136137046082
229	-0.884102321178995	1.35092936657209	0.417984593283029	1	-0.315443776221072	-1.36501485651717	-0.579027955796698	1.85927916009744	0.696775909133708
230	-3.4980589839012	-1.03205294506264	1.29438598227517	0	1.78411825821133	0.676274335710493	2.38270106214938	-1.89141160248284	-3.76247427178743
231	-0.381983368897721	0.513654664372551	-0.725631911660153	0	1.78815423029505	0.255204833607234	-0.911201083528192	0.459737804166635	0.942641808902998
232	0.977688125006405	0.33970943477586	-0.615910885519792	1	-1.74602864246208	-2.19337246602602	-5.23482582878765	5.03010692961905	5.90904711422336
233	-0.55804094581969	-0.264107863876769	2.16530668848786	0	0.643038752485851	1.82778135448908	2.19977819058854	-3.67249992141699	-2.53886298680039
234	-0.626455146605437	0.445102515480525	0.272846998611621	0	0.971420854938585	0.917609790764312	-0.458569583849611	-0.919075917619929	0.142429504975109
235	-0.530451225374318	1.36801933227035	1.15433534464234	0	0.842685152905172	1.2460269007116	-1.91808183734908	-0.436917991180263	2.86269974574971
236	1.89762158687647	-0.82151197751351	-0.730481451617604	1	-1.00682023608637	-0.723959385738718	-2.43214480266873	4.70517173225575	3.10882679367244
237	1.39554067761932	0.191318638488201	-0.420735204781805	1	-0.834607684274733	-1.80818847015823	-3.2808729302163	2.84909741514507	4.82200930092462
238	-0.746025873547522	1.44681811554095	0.696688039577924	1	0.499129335785771	0.406024807285116	-0.970370985634001	0.36730993576937	0.269825992706513
239	-0.305573075942347	-1.00342877069748	-0.202744803135259	1	-1.64163456475116	0.0625228509041018	-1.60098953819141	2.18379494546442	3.02366276793565
240	1.16967816861667	0.615373216802239	-0.423028863626477	1	-0.322463872736825	-2.25196330649783	-1.847200360196	1.8577856955347	0.630388607139609
241	0.304387177474429	0.244585661991396	0.165060895949645	1	0.0338449053895007	-1.05707171902915	-0.363964092421695	2.14454232648999	0.692050310393601
242	-0.117498250092135	-0.705352734441571	-0.0220075820710007	0	-0.123366655476272	-0.379472438501383	-2.27579387469748	1.05668699207665	-0.273830742003826
243	-0.0600855311922628	-1.56121903032456	0.15235485705346	0	0.961642367206899	-0.0262691494624719	-0.965625509091401	-0.368406687293963	0.316780896352995
244	1.47093894704073	-0.75771409808386	-0.871148133852408	0	-0.178876591019719	-2.11495515518845	-0.651974960570243	1.52295960408762	1.92353673743389
245	-1.47814760696567	1.54209851016592	-0.708574014169189	1	-1.06632245650864	-2.78072779133506	-2.596689750635	3.3097554639873	4.34753809811305
246	-0.683612946013708	-0.0646698990414811	1.53018378455875	1	0.313897134381768	-0.551374597598852	-0.693757949527976	0.962174250023044	0.314570710838102
247	0.460540599129126	-0.966578841822236	0.0213802769932914	1	0.457858505346452	-0.689017216208053	-1.08277973775314	0.921241972029173	1.59368696366555
248	-0.181501925132701	0.375867014967987	1.53632187861646	0	0.831412924626908	0.649525582222921	1.01343348195028	-2.92958586249939	-1.19156707182887
249	-1.1588163079869	-2.02081017043242	1.28202246520018	0	0.784808734815873	1.19221696880631	3.36027358149494	-3.73547782010745	-4.60197604385394
250	0.409018917587992	0.244792596114164	-1.42325664949022	1	-1.5606789579256	-2.37441292217149	-1.25008272404295	3.05367084597937	0.425917658847767
251	-0.258207055895331	0.0243574346188239	0.963116729112082	0	2.13189214075098	-0.583002532400909	1.21591187387499	-1.95227010776218	-1.35401952823342
252	-0.266899439245335	-0.937410839541465	-0.167454449648496	1	-1.26221464518141	0.809820977262574	-0.455775877291787	-0.208174153312758	0.191857086025548
253	0.164155956377677	0.00987506655022365	-0.0162885202658261	1	-0.405679948172253	-1.49329910068226	-2.54644555325994	2.41289321399917	3.82305500751525
254	-0.393458947370392	-1.21894175595313	-1.01825698734493	0	-1.46736481239807	-0.0894767219064946	0.00397393352933062	1.28026980792309	2.03348122767698
255	-1.84373724616706	0.690627110558113	0.940713417154085	0	-0.765887294523868	2.04551875506299	1.23336052613848	-1.01518515861138	-1.46096339267528
256	-1.54228826673143	0.461008072068563	1.23723877079285	0	-0.855211018157661	2.29707303437147	2.66870887056024	-3.05168821053715	-2.62018026239482
257	-0.58624035953125	0.565864490970594	2.15164624500165	0	1.8152028762353	1.01775027726426	2.18401108944002	-2.3083872749191	-2.82705537555361
258	-0.852138909339862	-0.0423638812116638	1.71415512470574	0	1.91555810499694	2.43390266479145	3.60087466434109	-5.07439230393455	-5.2872827243363
259	0.778324555292096	0.494492115822703	-1.2928465662513	1	-0.551373980147525	-0.805599480766909	-3.62536293824135	3.52245258913537	3.81777701918318
260	-0.0303170743814151	-0.77318189200973	-0.010518574081376	0	0.151154624267995	-0.95468516175316	0.398094231639422	-0.463931687550406	1.68119169618887
261	-1.45565758192736	1.5808632570371	-0.52723502892738	1	-2.28912002095035	0.560509618141333	-2.1492034452548	2.69681677196513	2.70440625098458
262	0.0937849230642157	-1.82516358066153	0.137208484109176	1	1.86231506435772	-1.64800937400622	-0.0848232716281132	-0.994390906112736	-0.851552019356466
263	0.982349222257101	0.326875191438929	0.828722949886605	1	1.63515016040681	0.335371738995352	-1.19500932047077	0.545574447648729	2.37028060297488
264	-0.596710161803609	-0.280689345655051	-1.48020219466254	1	-1.66375200789894	-4.40084506973291	-1.92686733784678	4.62600373898073	5.27776494288219
265	0.074804850648532	0.898097173790017	0.224707208110454	1	-1.30528900070161	-1.46595534058999	-4.2481618144168	2.78383801104086	3.04133902039706
266	2.19742943082256	-0.64152681032015	2.19757291471931	0	2.34801842537142	1.28581339132948	-0.702373052047793	-1.93825693448221	1.40418353579197
267	0.795023212203818	0.141200765385728	-1.31619874498666	1	-1.03268530950833	-2.45851330373916	-3.14906783193657	5.76681650005353	3.71966110870325
268	-0.53894221212124	-1.65451193057009	0.547361885679587	0	0.800433748647664	0.710271043701298	2.4089739446619	-2.48189386616486	-2.51599405406628
269	-1.60128317821893	-1.98472849955261	0.496877318064129	0	0.00694077973923407	-0.0404419810208368	0.467049897506455	-1.89224312895836	-0.0881792875869021
270	-0.731373566177287	-0.514325863046511	-1.01096214728193	0	-0.164960632807955	-0.0953863117412304	0.132219093616748	0.618135845515843	1.24490138751716
271	-0.355740790946177	-1.96328141207087	0.106146258866744	1	-1.21240515081722	-1.45491592806286	2.72873385248943	-1.92252224205029	-3.5926652837622
272	-0.985414318158051	0.303169081523499	0.69900265350911	0	-1.46756215674908	2.05016389408178	-0.775398329009989	-2.22846161103543	-1.06138661555675
273	-0.731170643370716	0.613763723971585	-0.295719655144002	0	-0.901013485414358	-0.714036899070843	1.54797313715776	-0.261616081696196	-1.7315230890728
274	1.46532408338515	0.74867755776831	-0.177922225688546	1	-0.988974395288659	-0.593581381884412	-2.1062194064966	1.87917022061357	1.78982594815832
275	1.85861531770756	-0.0257374865110123	1.11493411068776	1	-1.22391276592823	-2.13003053926361	-3.20958336884452	3.61000171878508	3.54815029203199
276	0.00349702737986148	0.716948264719065	-0.397766909314858	1	1.25294739455631	-0.592183876365267	-1.47052599345781	1.80654580729799	1.44325621102489
277	-1.34377524489701	1.07911835857261	0.573207521290716	0	1.0837460883688	0.701242088297522	0.60008131695857	-2.34477587954713	-0.859974020469492
278	0.151294033427274	-0.123602820547497	-0.112141269466087	1	-0.557346198850699	-0.488308529471611	-2.06244767224979	1.40418418945944	1.52691053929694
279	0.290009125124407	0.729638422774244	-0.0335740778209155	0	1.96592533415721	0.861011356904965	-1.8386439088383	1.191963176369	1.18975118327844
280	-0.122478327663253	0.209945563629176	-0.649523302982712	0	0.470273176925253	-0.609308299187169	-1.08744259003908	0.374018066140048	1.37208920223242
281	0.125154388131488	0.987313402828456	0.716907526887751	1	0.38573034763803	-0.63374272364498	-1.46746749713293	1.38858823222832	0.916128035599154
282	-0.772434113964163	-1.51643919320696	-1.47485985130394	1	-0.737773868875799	-1.44253636278542	-1.43755699814122	1.17669212098741	0.563828417156365
283	-1.01296612271755	-0.0183597847696464	1.22615917307906	0	1.88205334058222	1.45723127294289	1.44048205820977	-1.28332031793323	1.14620816101856
284	0.966919600875935	-0.589378277495028	-0.531220645992714	1	-2.15027262926816	-0.0978444690231619	-2.74732358518787	2.79597463763915	3.05112467514971
285	-0.423327300310027	0.206255891313454	-0.470629773447332	1	-0.283523723655409	-3.10800029674956	-0.699078365327042	2.50851793096254	1.51531586394835
286	-0.831599454772898	0.452142563903837	0.029390219792916	0	0.105013728025872	0.81315841251113	-0.0195834844152437	-0.526323197731689	-1.49441366832731
287	1.3999572669764	0.666052622345266	0.872806805314556	1	-0.292949035907443	-1.85366259964356	-0.253484242095621	1.64279363154779	1.59829742567541
288	0.0170139594873641	-0.526977088058692	0.172179666150909	0	-0.0707766183125992	-0.364278848576376	0.576173171551196	-0.391240876168558	-1.61989840413985
289	1.84749695338976	0.0251284102668865	1.05499901655728	0	0.265294508085088	1.58694320562453	-1.11675295869765	-1.79976866448151	1.50647017200466
290	-0.686339384952405	0.551995466333406	0.392255225466704	0	0.205714275703649	-0.4419163202619	0.00568636912019704	-0.390539531129581	-1.45953374032283
291	-0.218724034376987	0.415004840593345	0.0259372166615835	1	-0.892239735514583	0.452582701742526	-2.80197427655165	0.459311749564775	0.806266034358992
292	0.68259290626915	0.354026641741515	2.18515252825252	1	1.15976600884592	0.997756794939983	-1.87929327838443	0.679764378228113	0.486447128782909
293	0.524130024539433	-0.764599960451317	0.0595511162684574	0	0.210131265127403	-0.735665430957474	0.845351020977199	1.11738517710422	-0.55367466807132
294	0.0805499784493217	-0.509099170047232	0.457302383365669	1	-0.181890357708475	-2.09004444642972	-1.53624337719018	2.51824353606938	4.1701080513054
295	0.053785542401867	-1.79743754277241	0.719371042021718	1	0.19835858573749	0.731388231669029	0.725575111680225	0.147483395683659	1.35508503923229
296	-0.737258988119156	-0.299965591526666	-0.867438812850792	1	-1.07510397274046	-1.94660900718712	-1.889627612906	4.47718689930157	3.01741096007769
297	0.96643806137653	-0.450220044850253	-1.17669158791379	1	-2.19153602513519	-2.04514198698479	-2.68330214844247	4.53743891487592	4.57870162807042
298	0.984306851327461	0.92635562212536	-1.58503386281433	1	-1.3010421136277	-3.40933015186036	-5.46770131704884	3.56866407595861	5.3559855383908
299	0.187290940868541	-1.4013414444284	-0.670673989628665	0	0.388076917896679	-1.33186029254835	-0.457702561360651	1.63206060350454	2.38005603914896
300	0.272985753324717	1.26607777047271	0.501634858780656	0	-0.510001017670405	0.498185353850842	-2.43942971585087	1.30951293162071	2.96651797088719
301	1.21014609380815	-0.237565972933086	1.7569363495541	1	0.276571260083289	0.0851854568556515	-0.264469388602402	-1.45142791227974	0.412289288000924
302	0.188657163500232	-0.914303594463676	0.329390867490816	0	0.214205466758342	0.205093828070486	0.696630089354653	1.28116067279768	-0.658438900696866
303	1.96249867171125	1.44336432634016	-0.252497028638848	1	-0.0810061560058828	-0.824309689585492	-4.14745881115864	3.37160502539487	4.74321878727423
304	0.138711939228532	-0.0137015828307255	-1.91685872617865	0	-1.11499045804569	-2.32435454111064	-1.67692768717832	3.42319362017459	2.28934014458941
305	-1.57862735437219	-0.530397349796743	-1.63873441528692	0	-1.15658541281355	-0.497430607985842	0.995113938641632	0.650273109815899	-1.92560276710862
306	-0.797021271160569	0.809799746877535	2.35188776561635	0	2.61079659818594	0.488006374407056	2.0574876982537	-3.95137921010528	-4.72731227143382
307	1.2243538823335	-0.335226669450893	1.02821002379889	1	-0.471263171615429	1.02081612080828	-2.33242684938399	1.31802704958728	1.81357443224821
308	-0.36533356000315	-1.43914535168031	1.07077554580138	0	0.224205497214157	-0.151473117791209	2.10849887336108	0.395662224067299	-2.56689452743892
309	-0.162590280253847	1.86129326812503	0.622174496160577	1	-2.7118078678543	-0.713661888320718	-4.17613423953737	4.51992579684083	4.98235733115392
310	0.560479179377746	0.0531857609726568	0.338994694155442	1	0.662468730915854	-1.91679732915006	-0.170146813362343	0.414653300200864	-0.369293435327119
311	-0.860725629209712	0.0483637189448482	0.231815776624474	1	-0.602808482615814	0.432998944213028	-1.56195460619249	2.1475187576317	3.34293116142826
312	1.23863449181929	-1.29630589232339	-1.49087428348464	1	0.0506149285075159	-3.14156179377382	-4.09521637593803	3.39485696257779	5.27603674967087
313	0.76743574915881	-1.07200011373082	-0.649039036002696	0	1.88641521748139	-1.23902889998576	0.751751837652035	-0.727553744099506	-0.379585826009164
314	-1.08740910585415	-0.0205322504317671	-1.10981936365935	0	0.779996193016029	-0.348890484812661	-0.972636023891999	-1.84699473326078	0.325064087334891
315	0.0675037726727784	-0.708490788276916	0.414603183783355	0	-1.23611070993461	-1.13611173548947	1.18447651283931	1.36892465970676	-1.60517427077232
316	1.60514056502043	1.02394779211035	0.254311002283614	1	0.809362835761267	1.0843388292302	-3.32939026378886	0.598008962175822	3.55556201920746
317	1.2322294300139	1.08235407953772	-0.136076941978923	1	2.17375039685488	-2.88839734820367	-3.18164187575119	4.51613475735336	3.91236174957303
318	-0.379113794711119	0.554768125681645	0.0961889376509374	1	-1.33956779400363	0.837391389547349	-1.07135563144698	1.35921011582434	-0.0172604815844255
319	-1.34986658373938	1.58677996116935	0.629162171885106	0	1.40994868142711	0.585845393484784	0.81898331073852	-2.28273301042609	-0.261948927568001
320	0.36491809963744	0.25886094564794	0.21053933923921	1	-1.35899181266105	-2.55976944582072	-1.87981864797085	3.10348924393633	3.15712521776211
321	-0.363594924599833	1.26519247602474	-1.42030813892681	0	-2.12855760791665	-0.825058289867238	-0.721788229053182	-0.0279315052387954	1.35371356929049
322	1.37465332460603	1.15524322008909	0.597378606468596	1	-0.971337560082583	-1.32524120048171	-3.75481333842388	4.95844481691934	5.3025761764902
323	0.291895737262712	1.67342985766855	-0.899988710173328	1	-3.24945620403251	-2.77112249409376	-3.30471225287796	4.85080883460066	4.3688223913604
324	0.710591710272188	0.629657208434704	-0.857427106922632	1	-0.0316377246796609	-2.13122082048716	-3.9626247883586	4.5852717969863	6.29072238550426
325	-0.937760919542174	-1.17444507969053	0.238711711570853	0	1.64715540731632	0.919483725316589	1.97613547010164	-2.25342383129898	-1.39543774873986
326	-1.11406312742816	0.798921975317299	-0.197582288517465	0	-0.032873978250115	-1.31741946980472	0.392414868783058	0.644511572632121	0.211663246007085
327	0.634371955201933	1.20996178364492	0.435429669752444	1	-0.272673796072139	-0.525125771506352	-2.74243600362316	2.4279326983274	2.9957273491016
328	-0.231192902070698	-0.544853698846691	-0.916711119161165	1	-2.9110895672473	-1.27021941343614	-0.566656583337323	2.69632823388942	2.64383003349109
329	-1.36819420354585	1.18283703778757	0.262182245576556	0	0.516241282276743	-0.519156238728076	1.11992819577142	-1.5062395028087	-2.0170290792205
330	-0.75490744620069	-0.556169119606625	-0.0258729880131434	1	-1.10151598066181	-2.07440854420347	-0.402552117335527	2.80479020922521	1.86118839947613
331	-1.12559664854243	0.710042474188824	-1.01317862442152	1	-1.08951833347902	-2.32634164790829	-0.84594627232	3.47148545221907	1.13997367361809
332	-0.219359247270746	2.0743792051553	-0.819297479462111	1	-1.50539119746822	-0.954703312501365	-5.26357944251327	6.3648142272047	6.66988890180379
333	-0.134307951695763	-0.0826767368596567	-2.26468969018036	1	-3.22161223179186	-3.20227771530343	-4.36689252611847	5.20379161363599	5.34816594133853
334	-0.818020611039189	-1.1914410199602	-0.466258432873696	0	-0.444834614039775	0.380920219389298	0.706738062253081	-0.998210785971022	-1.63999096961779
335	0.472334156667358	-2.60479610917425	0.786733846398268	0	1.75943841131808	2.78119797822678	2.9856963414805	-3.64397989080823	-4.12851822582459
336	-0.869256129972102	0.417891218852168	-1.27736889847839	1	-0.191559791240903	-1.59656310949572	-1.58439923496917	1.27927259889395	1.67789442003246
337	-1.33228834146939	0.131969279568162	0.360082400655579	0	0.371588840769137	-0.130821102121267	1.95695170194283	-0.0600408143419642	-2.08023741471084
338	0.0705628697044908	0.498007496366364	-0.599489389220566	0	0.687975447663286	0.0475645713075432	-3.35885308777165	2.4534981353556	2.49157085466926
339	0.464093186361567	0.217052360548981	0.948126669872847	0	0.161870499033422	1.98017792291508	0.285131495249497	-3.07322695160032	0.0325624764953039
340	0.289158499235489	0.053708138634215	0.255304750695204	1	-1.28225450857924	-0.520273060455634	-0.490947011101861	0.541320690248646	-1.67820910501807
341	-2.88494108290944	-0.0635781108374913	0.0906913958482965	0	-0.0123926901202696	-1.22360252834405	-0.691250180960156	1.84403654821413	0.708305635116439
342	-2.33469177523876	-0.732268200278299	-1.94611292577748	0	-1.17201767874556	-2.18576680471827	1.04993620583602	0.860398826406752	-0.187828261425292
343	-1.73089104667678	1.50005860023501	-1.50398721885187	0	-1.3301896085833	-1.66748758934893	-1.36861580986859	1.82085788306431	0.5734303970774
344	0.825009586381875	-0.302830859357085	-0.818189430869517	1	-0.0533277200197811	-3.00081022123845	-1.74206534773345	2.11283262398403	2.90769524868365
345	-1.04503955111711	0.85362520487329	0.0500108787839233	0	-2.03000596817182	-0.562124723505008	-1.04708412811822	3.72519499525915	1.44958513796776
346	-0.877193373918297	-0.401748756507982	1.18198583477323	0	0.286131436784519	0.548408750613876	1.5099637773897	-1.94976808016731	0.144263422834209
347	-0.400389842151599	-0.713585913268185	-0.943772319015282	1	-2.33528812522777	-1.51992590416351	-1.9032919483384	4.48923006577785	2.70553432840061
348	-1.26818897222952	-2.13141015659761	1.40489169419506	0	0.317665288771104	1.56177386058047	2.24985143301771	-2.56168357852169	-3.94261081180581
349	0.138586390599616	0.545294625006986	0.322940615670049	0	1.55717698483661	0.63577368334426	-0.478404574446368	-0.103653052962378	-0.280583901498138
350	1.18357160432819	0.217441461633646	-1.28084423279763	1	-1.95390128106102	-1.81436493322305	-2.40958469813498	2.92332555973799	4.20670040476997
351	-2.11055507298746	0.155194093753177	1.29527967092909	0	0.0929521894975014	1.19768741715329	2.87212584699877	-4.62472611643069	-3.80481120663569
352	0.26067610953686	1.24953680495362	-0.367550001963155	1	-1.57822010060686	-0.860082688889961	-2.89033984490869	3.24847746975892	4.07825464278144
353	0.94556682569367	0.496885618298588	0.500951009586227	0	0.842162444914704	-0.213569207242893	0.153504226962784	0.398859156041873	2.19757105596472
354	-0.619960619785744	-0.309076752739336	0.768588050630452	0	-0.0449736684347487	-0.102512977504012	2.05534996398734	-2.13229759091595	-0.196914989482088
355	-0.00910073949036899	-0.549228357719682	-0.16063942380747	1	-2.0499728623909	-2.06222034048504	0.30200161119155	3.46260431940712	0.492302246474559
356	0.52022542274955	0.357551854230817	1.1021699136523	0	1.6929822972122	-0.622631122964967	1.11620960166077	-2.24742040850388	-3.2690755008639
357	1.80625870789078	1.08339018630659	1.18556391400434	1	0.995092409099787	-0.13978565980136	-2.52942286445584	1.35220149000831	2.70921352522957
358	-1.91251989792015	0.841140474897625	2.71071410636298	0	1.49782209523295	3.28393436943602	2.12321648281574	-5.1672653389166	-6.09394437824718
359	0.199282075072251	-0.264479924071251	-0.828944090917747	1	1.12481614699075	-1.93831034981136	-1.91143870217084	-0.306048501251129	1.04400523746589
360	0.276484953038244	-0.844749344638228	1.64598187896276	0	2.06432937939077	0.885658608972743	0.386462434971534	-2.32632367757046	-1.16594593260917
361	-0.836276427358327	-0.423713730002119	0.195401549055157	0	-0.30014189435468	0.695094006547438	0.336154786402841	-0.620688506377849	-0.994118855958965
362	2.02959741488453	0.2675964339875	-1.16742214531021	1	2.40309217286811	-2.64126169109177	-3.78662927121283	1.68786392376144	2.84165446002142
363	0.429105986561216	0.313787614799058	-0.0539197232197209	1	0.640869835532365	-1.13288044768923	-2.97266653598484	3.47539044885232	4.43822934364093
364	1.06394786606598	0.968423222916941	0.445264745610256	1	-0.181251882535557	-0.197563758202886	-2.93850249042268	3.64758883826033	3.11022495562703
365	-0.605823053087099	-0.520841791512757	-0.199812139923308	0	-0.00163970171154976	-0.655454384570554	-0.34373107129854	-0.482378915143425	-0.379695225202655
366	1.07437304578307	-0.00574429687870971	2.08750229142951	0	1.78537001487764	2.42965091914691	-0.601949437153516	-2.2893879564083	-1.52900900319715
367	-0.71234763989585	0.952890748954526	0.567683733462699	1	0.0846226021837593	-0.683153042987456	-2.54096253182391	3.13480125367014	3.56054533776048
368	-0.178860132900489	0.715788002473204	0.978335872079493	1	-1.02536014554526	-1.84846856380026	-2.95868816428962	2.36241674561599	4.18347098294146
369	0.499760039033528	-0.521479411881186	1.06955282865338	0	-0.0469675629693291	2.40212572547783	1.21037737314363	-3.25169077868582	-2.02471669770401
370	-0.199571140574667	-0.347252938712412	-1.338647528439	1	-1.47679953443162	-3.19659368821737	-2.17240728326631	2.06155485705821	3.29659649856728
371	0.0898948045279259	-1.19361592793254	0.928771848668858	0	-0.00792527066946225	-1.21758361198075	1.64831906310492	0.0522806376393527	-1.42117069580529
372	1.00491005829577	0.512965866823076	1.33757067694986	0	0.964371352733874	2.7506487190731	-0.387783624782472	-1.09201708008281	-1.08087827659205
373	-1.87294167259194	0.0401368778622901	1.36832383074295	0	3.50081427217705	1.38687135083406	0.443371720110614	-2.1392067214717	-1.35994868954637
374	0.524784536401754	0.694734254810635	0.285606045412552	0	0.181072544011082	-0.567581967159208	-3.10568024165282	1.52138969278821	0.846864673291711
375	-0.514627337096883	0.840251703367525	-0.931673592740263	1	-0.949609632206679	-1.43089931254203	-2.85796442677145	3.33156929473187	3.39617080388995
376	1.21093256959222	-0.655040366160278	-1.87988607788087	1	-2.70873426090895	-2.0614934649427	-2.21134518706746	3.69253657213178	1.45834652020226
377	-0.51279537709984	0.762725634600156	-1.12752078880451	1	-1.39780768138284	-0.196325027570222	-3.20382343631216	2.54971544826242	4.47529421729511
378	1.09062565208529	1.19746787400144	-0.563505635578128	1	-2.51293923152568	-2.08410940833084	-3.96102036972014	5.37206130363046	4.06609306576561
379	0.491844895736831	-2.17800743266229	1.53722595494579	0	1.74446894014766	2.88841947488557	2.65436078494512	-6.24750693021317	-2.23897922235318
380	-0.242628971687308	-0.149109739442157	2.2657732972011	0	1.58626920206231	2.31192041881101	1.44941451459184	-1.02452007370652	-1.00857148048403
381	2.11604724760423	0.245035640679306	-1.29572089425078	1	-3.44172502624998	-1.04325448083198	-4.72412298931793	5.3024585955172	5.97733253660447
382	1.18863957278928	-0.210997711544028	-0.123721847943949	1	-1.16326404110804	1.00444170306879	-0.79967689584755	-1.0138962959815	-1.65481193762096
383	0.895261190689144	0.30657819015157	-0.311332769102065	0	-1.75623675781614	0.373620380320313	-1.1213334456089	0.423527622696428	0.716399803905438
384	0.868540637069172	0.216769527888383	-0.887650962931536	1	-0.870385427486725	-1.84534726750228	-1.35889686978864	1.99215496491082	1.81151751758815
385	1.65617796517327	-0.666721392894147	0.363612813183017	0	1.31362647014259	1.56303883941487	0.456421152792243	-2.19454017902375	0.890399191878502
386	1.44563599225371	-0.963746394272861	-0.998048066666412	1	1.31726320582999	-3.45413571270716	-1.88268159465186	3.24128059761387	2.47646771651921
387	0.744600427107758	-1.29250994600871	0.198865676708085	1	-2.76815392826886	-0.620235019947615	-2.05609549788998	2.9397375588672	2.84876417083652
388	-0.690190218011296	0.69005594322643	0.773685127632834	0	0.944254108069438	0.939262595449306	1.54136796779452	-1.73499548197111	-0.871126814292884
389	-0.79141176123706	2.19731521772798	-0.9375739520079	1	-1.35317829830021	-0.999395753325346	-3.44802536253771	3.76795662031364	4.66227308077481
390	-0.262081190647737	-0.0992650993573957	0.659165149099011	0	-0.339319327095059	-0.795677516418313	1.19447369280877	0.518312311635751	-1.81558774165627
391	-0.40791710781397	-0.573025062123758	-0.123710387700879	0	-0.797831917129366	-0.538891823083245	0.289479535687191	-0.0839338146061983	-0.671451929173916
392	0.201311055639364	-0.876832408049352	0.937118045726399	0	0.0785583226678513	-0.379767798055761	2.46298885685817	-1.3676888094548	-2.94561056377938
393	-0.731947482967861	1.10752596122986	-0.290186934818749	1	-0.476617935225948	-1.09537562516669	-3.17924163222576	2.35959063241222	2.69128092498816
394	0.729135716852205	-0.91339412017563	-0.347511092510985	1	0.277337114669346	-2.09059105252008	-1.67071244006772	1.55803728765919	2.88827540322613
395	0.326648604433737	1.22561264455172	-2.0837463183943	1	-1.74277820087783	-2.17925067242121	-3.41460200416439	4.59645587826639	3.47565454332903
396	-2.70787788745313	-1.15322413508586	0.0499587742764564	0	-0.187871006779085	0.716831702476567	3.13525091571337	-2.01270545784139	-2.23228670035897
397	-0.592138910429076	-0.802089264443808	1.05093318127369	0	-0.282822053284105	1.68742153880825	1.3266038560671	-1.69207275713769	-3.26673143925091
398	0.504543697157249	-1.3012467276107	-0.532143458747312	1	-0.769704248626109	-0.303606270782188	-1.21630552482114	1.12664793036868	1.27456475023186
399	-1.52269708113745	-0.544186493879812	0.434398862673191	0	0.349983674277465	0.293665441363862	2.20567500542503	-0.713307578298528	-0.514317377738895
400	-0.35887519761888	0.862495687904988	0.577426375995407	0	-0.0439231212755121	1.95799242990423	0.221360680407542	-2.03675411892182	-0.4716503492807
401	-0.470126446939619	0.772252831150441	0.334084671130532	0	0.059687722817033	0.759672900717255	-0.620482633149736	-1.32472069185671	-1.82732805341308
402	0.469322388610631	-0.994521916007794	-1.09374838059036	0	-0.263834770249099	-1.65395105986224	0.914644826731092	1.10535188660359	0.431578920732614
403	-1.47534012944028	0.340337126180463	0.526700823262493	0	0.308040078055599	0.412720760026292	0.45368085055613	-1.96463436468529	0.0181390487539408
404	-0.915954714303777	-0.436641506831228	1.4596792625409	1	2.08433926489738	0.0908558633724628	1.10959129949141	-0.571440684519726	-0.851203241112177
405	0.45797505728165	0.195052346126591	-1.5715443743345	0	-2.15631065856827	-1.31904460572696	-2.18036752128984	4.16984220870074	2.63692535509593
406	-0.712502460312751	-0.0812179559896452	-0.320774318357016	1	0.293308266794245	-2.50019512415406	-0.248056865641162	0.6265076148675	-0.489522046009836
407	-0.378438328568102	1.40425504451024	-0.131960939137765	1	-0.407564722727721	-1.80136444356882	-1.45597875020013	2.83981525690187	3.73544717894587
408	2.0068609330801	0.661418175992087	-1.16745312625474	1	0.259113776968956	-0.798854916645904	-3.65435559732265	2.87569727757336	5.32097224017816
409	-0.550168353652454	0.529903348573816	0.70713504932419	1	-1.67504001023839	-0.155132382671111	-1.02391854254195	3.47900140505784	2.54693867642238
410	-1.98078616616272	1.66198932769989	2.10650441058156	0	1.57182677829938	1.45847798892262	2.31346192353219	-3.4524081150404	-3.45413119517551
411	1.0345981307155	-0.362518124383968	-0.478397326112045	1	-1.16787947333413	-0.422339387281782	-3.25728956716492	3.25980817309048	2.78203827811152
412	-0.844839716307923	-1.44113717082172	-1.67642879952981	0	-2.14016244730575	-1.45067805798316	0.456838369096904	0.803077802211314	1.04092693701655
413	-1.01694911697502	1.63857819973608	-0.712610457057343	1	-0.256964892520207	-2.62512823162068	-2.85655414048595	3.6932522909314	3.16455498593408
414	0.674755828895693	-1.92336540564371	-2.12264899126304	0	-1.20477541331261	-0.279884749853998	-1.13240631802304	2.18984776449764	-1.07916967792342
415	-0.0332267760097124	0.309752321828837	-0.284610992796954	1	-0.947994819219442	-1.16025566062367	-2.70016438701798	3.99176439675416	3.60131642814192
416	2.24549140815927	0.828795138732747	0.312421871406324	1	0.771412567122553	-1.89550604799449	-4.60205182168774	3.3024836757885	4.57325199245714
417	-0.454146942496902	-1.4619868114573	1.47476141565261	0	1.28015236976805	0.93801077853074	1.43949662702782	-2.4885391670615	-2.26214770152926
418	0.19487458347694	-0.103458524132405	-1.79778625273811	0	-0.894413262861889	-1.6310418019405	0.633760183439371	0.598085027732587	-0.764544627183042
419	0.0314980730791174	1.13194922903261	0.0453534652868234	1	0.185561120092373	0.874030881327572	-1.77743812078831	-0.448083816317151	0.40200930783093
420	-1.78933098918104	-0.605596671918997	-0.0989774250928965	1	-0.569236761226027	-0.804804117144159	0.511007799425276	-0.401259311076397	-0.828824065331651
421	-0.0704909153342678	-0.453984275729769	0.0623619703206797	0	1.00556499428301	0.808998075271094	1.04511628947098	-2.2357671275817	-1.50408617544254
422	1.80414175503163	-0.09761202255011	-1.18739095816375	1	-0.756864477366066	-3.06443160144209	-4.0456809853325	5.84193148283052	4.78869433299729
423	0.444637124728937	-0.337073721274421	1.10773782268075	0	0.506006521016985	1.22330426930627	2.0059977617979	-2.30035269866964	-1.6847890679232
424	-1.19094010008181	0.250194070823909	-0.591649590209141	0	1.10781684079518	-1.24431518160836	0.271467534575013	-0.423747940757913	-0.291398359826437
425	0.248229102802322	0.725096500243187	0.0130698685026042	0	0.683634971317546	0.62304576517905	1.40432157263927	-1.40796149965359	-3.4274157994608
426	-0.11897816018933	-1.68393919246384	0.00642953766829812	0	0.377816225481549	-0.196692703498781	2.47919986019894	-2.84818391799148	-3.16835398800326
427	0.686988980175581	-0.757340698158014	0.495695986843508	0	1.44417294663126	-2.8134646264745	-0.718814683459412	0.17815457401882	1.00793724182445
428	-1.40777779177798	0.0242241518164147	-1.66979171949398	1	-2.34246526380919	-0.525134720005895	-2.09876960948357	3.44432311945942	2.9780411038924
429	0.575322040784219	-1.93112599364878	0.313628301078735	0	-0.195018710709345	0.599876232196462	1.27353015101542	-0.552678333886058	-0.75369566510443
430	0.637701530359833	0.331462340831144	-1.20754333208228	1	-1.74649740629279	-2.729801901697	-3.0472875132322	4.76174961090472	4.23453226649229
431	-0.948123686126477	-0.37604470980138	-2.74466810640574	1	-3.83937275231916	-4.28381489043454	-3.03733688654654	6.29717947763642	4.37505460417305
432	-1.5155319715981	0.735922250497649	-0.7568703675618	1	-1.69760439501154	-2.75072546668741	0.345655095778413	1.25093105972444	1.34898778830193
433	0.266538188495833	-0.833266269070129	2.40308141090833	0	2.35429767793573	2.27952412433508	3.25965270333431	-3.26173005524242	-3.79834961528803
434	0.291532260387448	-0.480124639479973	0.206946258927486	0	0.871649164014963	-1.77964991385647	-0.49115201421442	1.1425219064761	0.929531065464146
435	1.70892243844534	-2.40661799533366	-0.428032988538262	1	-1.6989561370318	-2.14574109142611	-1.94849647245399	4.48366493754885	5.75368350659422
436	0.476701847609629	0.412893078918579	0.294559095802709	0	-0.229747612717544	-0.167783223288454	-1.44039704063184	-0.349307591421928	1.20881105340298
437	1.30755180379266	-1.17439931704104	-0.362820984123608	0	-0.823819056076935	-0.983917829980104	0.162322749670865	1.03436913974409	-0.809728469314855
438	1.80601268578399	0.140732762751729	0.401774828050086	1	0.983618540794984	-0.885455088110483	-2.21574702305705	1.16314712288242	2.74930611705883
439	1.03538599006214	-0.962333201269906	-0.679268592194572	0	0.117758555684025	-2.02144352176856	-0.78787839544743	0.190909074643868	0.398921332857772
440	0.516518297191452	-0.504185433438673	-0.663418214391468	1	0.462004311927441	-1.67757455143658	-2.19311632268467	4.55168131264706	3.83940473403784
441	-0.394103520933497	0.501277267737849	0.525902238065546	0	0.0217381885686601	-0.890977758931013	2.7386254497437	-0.90291853567471	-2.58099555322195
442	-1.51024022981108	1.0300179946046	-1.1477592329719	1	-0.566017749500214	-4.39113751523671	-1.46080210361132	2.82442511025161	2.18739967699331
443	0.0059898365100075	-0.778220008552288	-0.619500550515714	0	0.3498521477994	0.890611666460809	-0.0491060841603043	-3.11037226973488	-0.81530015105339
444	0.855006991206117	0.60540160297684	0.116341671692835	0	-0.62437837609168	-0.369383792886882	-2.25248883449614	2.66916700748272	3.57833315257474
445	0.729851452555011	-1.19920106954608	-0.102478277922549	1	-0.977861950781007	-0.11829208592615	-3.2357591647668	1.77152494185734	3.3750225228017
446	0.348758872698171	-1.55875537202892	-0.0504598923985784	1	-0.407741027593267	-1.81114767279665	0.176593224382819	0.632468061550901	0.742737332863027
447	1.36136746987102	0.325345235537616	0.803963120624698	1	-1.17360027849947	-0.976782368640319	-2.82954741482821	4.14387193599279	2.52839391461131
448	-0.288662128948692	0.542851569050863	-0.206498688183044	1	0.312491476272809	-0.905264751266586	-2.48579710782339	3.32052556419663	2.45409813214628
449	1.88840366381653	0.304423990967787	0.351070701965102	1	-2.56831581230155	0.102925549141454	-3.17661576163247	1.50752287726007	2.71753560903942
450	-0.0173757697067307	-0.683751073525415	1.3133905160631	0	3.07243026219396	0.497592610847524	1.92230926307361	-2.49538248811887	-0.199777469218802
451	0.541082912324418	0.100700772311783	-0.455748319613016	1	0.277572855215447	-0.359584010978022	-3.16959559165358	0.865789763057478	1.35053066346376
452	-0.540041112446612	0.854286054436844	-0.482840629917407	1	-0.928624140261215	-3.26581554374269	-1.07222503971793	3.45614446959446	1.61110736966841
453	-0.0808493963616866	-0.381366982221863	0.325126008934935	1	0.200084859347018	-4.48380124615481	0.988844612212977	0.761606057862758	-0.944024119906395
454	-0.0296339578319692	-0.575194401033266	-0.415286280731536	0	-0.119453704040086	-1.39255260262995	0.690005671523688	0.125418612516808	0.835280098664804
455	-0.145250483954132	-0.915962477293952	-2.08826907615896	1	-0.871418483320867	-2.64932451581098	-2.08486094658687	3.35703485128638	1.44177254605819
456	-0.0108625955320833	-0.702735138725689	-1.2769975685196	1	-2.17145367991373	-3.44495393513216	-0.847781786695619	3.22462225870443	2.16014268955
457	-1.37871876461371	0.331287192938626	0.705057988786633	0	-1.44687761235412	-0.07712877765618	2.18364337890164	-1.18393456191522	-3.64602646676715
458	0.671535676582607	1.52537437546994	0.761163346462947	1	0.746113734562347	-1.0904622740745	-3.62048332482705	1.80459713276218	2.63943945574972
459	-1.15420545321055	-0.729146945089693	-0.00879571569292713	0	0.61665813875435	-1.3367405360784	2.31912199993764	-0.936668805626076	-3.69537719440979
460	0.422597786024388	2.23576323964012	0.75195731832894	1	0.563259200607998	1.65537326100413	-2.76657302764456	1.22598866733203	2.78243030884477
461	-0.386989726146941	0.473862758512476	0.357618334181333	0	-0.344870449719824	0.601662020205292	-0.54821337702584	0.784527697119808	0.38447349738421
462	-1.24052598488624	1.61403227598854	-0.100729006493377	0	1.07170593662875	-0.289154339997659	1.52158219461974	-1.63370418413478	-2.61160034086384
463	0.456962145008337	0.225151400906953	-3.10715508001943	1	-1.73828351381775	-3.48763744798773	-4.92544600798453	4.8937158528358	5.69483489547359
464	-1.4107933534977	-0.772273010554523	-0.591181710281239	0	0.851252256679033	1.26830595384368	1.30265893455183	-1.12754583319372	-0.495762827520896
465	1.93390752761189	0.20379016205892	-0.472771968539132	1	0.406018992245251	-2.83775009103935	-2.1029953606238	2.20748463341513	2.20656011107855
466	0.569560653405955	1.09742197219048	1.57578022001551	0	2.4344125169068	1.9185974341302	-1.02100121992692	-1.9303167838717	-0.324570092741232
467	0.932779751815376	-0.268394986115123	1.08193916379271	1	-0.726583348189122	0.0562311835390747	0.166498639586537	-0.366511915339296	-2.52985137999767
468	-1.54534733694236	-1.45338826785728	-0.532635886980597	0	0.169064379780154	0.180452237593628	0.938973206580006	-0.799416491053908	-1.3516073864847
469	0.601618386347273	0.238079584560478	-0.349591661615172	1	-1.1258858034518	-0.55965480329044	-2.39149673725448	1.87545326588237	3.16235844710547
470	-0.950766155750191	0.643059707628815	0.780217437547368	0	-0.397389201008061	1.4165651368855	1.61453188951194	-2.45793384826413	-1.41678081902474
471	1.36036593755681	-0.708430058189879	-1.74742006247285	1	-1.12890262122544	-3.30972936415172	-3.07271226690058	4.91106292489385	4.72323541487823
472	-0.26652358999178	-0.61304267948819	-0.675244377265049	0	0.0105254357865306	0.31949993561591	0.921873027170997	-0.645153985821683	0.256304700249295
473	-3.03494577052005	0.13832954526832	-0.882188887943421	0	-1.24084511678102	-1.25523865489432	1.96439865972328	0.0767725068558143	-3.20564561928796
474	-0.238819914259665	0.671275174800047	0.548273198134064	0	1.03274285003354	-0.116372535340033	-2.10595389103198	0.689748623867943	3.1958796330181
475	-0.272186718564228	0.560490290568818	0.307815862067162	0	0.287756223000837	0.367214108988256	-0.411248278287505	0.0310187303368357	0.594793439479339
476	1.19039680327618	1.30091434476091	0.344033846326125	1	-0.612362915148908	-1.12335037362192	-3.73333049020748	4.80843034526205	5.19674859188454
477	0.0511960926036283	-1.92955760593738	-0.298661356098747	1	1.28928942397866	-1.64926379871862	-0.715469075263732	0.0653020800062406	0.641644280531236
478	0.331048033950343	-2.28068287460863	0.11519438515334	0	0.435821679226759	1.75878054829199	1.2122885668708	-0.906068123725373	-2.62385427789943
479	0.531619097353518	-1.23664651657057	0.876682634559273	0	-0.375656644418474	1.28379275982192	1.52328268802334	-0.496971717859627	-2.17050209165347
480	0.614031468795333	0.204415725261025	-0.614034508234778	1	-2.0073530179833	-2.21366312863863	-3.02436300668576	2.84495621995403	3.48341856008641
481	0.0767158895581276	0.892131227903221	-0.129016445804781	0	-2.7705568232963	-0.443393848668446	-0.567302547278186	1.33697520207689	0.112268734187993
482	-0.260879256428219	0.546645875318863	0.575422090390856	0	1.97765701614287	-0.794779654100233	0.684147974473679	-0.919870952446854	-0.309256403710532
483	-0.921870406269414	-2.12549937906405	1.44480289689094	0	-0.373825508392386	-1.44757207666855	5.89242880285992	-2.72401841204315	-8.03876450821847
484	0.117606159419841	0.266252240740795	-0.787907523702323	1	-0.0770419766624857	-0.288384988916249	-0.504216788376751	1.79376697045841	2.8234008737877
485	-2.13841021865662	-0.116534396354047	2.39524064820588	0	0.644627030148913	2.23927187295397	3.57298856632278	-2.96088941664933	-5.07017347022436
486	-0.319419595384364	-0.544277212694553	0.462729142743892	0	-0.316078548605246	-0.305318386748407	1.68382867137562	-3.92152262488366	-1.97289121686816
487	-0.740694412970431	-0.301727268954762	-0.579490766988793	1	-1.2678110331826	-1.18261235864897	-0.813726611281125	1.02289668908488	1.99256092735574
488	-0.925791427240032	-0.0421837281536368	1.84175681130973	0	-0.183801483495153	0.756093754186598	0.461419464652839	-2.12988079835514	-0.493027708351375
489	0.757933788899108	0.68597031060455	0.364754221000843	1	-0.645671888885886	-1.3114968981612	-2.71474531381935	2.78663086459648	3.74924653105852
490	0.359560263462418	-1.10691526934075	0.773150496126485	0	1.34314492614566	1.05697784775209	0.373453978338223	-3.08540036898168	-0.489051783904995
491	-0.829235675114872	2.17446373671211	-0.544881466390929	1	0.351079257050087	-0.127053712768468	-1.69370214431393	2.40230596209799	0.532831088066214
492	-0.445752122009605	-0.312277225207214	-0.423406883767204	1	1.31059785487979	1.29860134646856	-1.3978516323452	0.665190211532726	2.19915538849967
493	-0.670912046845394	0.39335264343757	0.472536758967128	0	-0.515236370913797	2.06808241696338	-2.65179384054471	-0.116378170152518	3.65387015775338
494	-0.800916902336363	-0.394369187924333	-0.557954322005352	1	-1.85578559946373	-2.30317311257814	-1.25800083119807	2.3071508387026	-0.0866529444998347
495	1.61094669940279	1.83954645701085	-1.14444771168887	1	-2.71855447090323	-3.48506803667006	-4.60733037173232	7.32748376012404	5.98642414780976
496	0.0185183342305117	-2.02944842069487	-1.12264690741037	0	-1.13344862093937	0.310742623272296	-1.25576849681941	0.970450625409943	1.49011530005178
497	-1.08339934110966	-1.55790319392484	-2.97661905386291	1	-1.73413980089826	-4.3228289586275	-1.55994303963561	3.5101765001375	1.77519620433494
498	1.28944975681554	1.51559381583974	0.825234010239102	0	1.13336139675741	-0.821711168481301	-0.742649140030602	1.00641233429733	1.28952461844075
499	-0.143912735676035	-1.01007485191799	-1.22431384761029	1	0.940438052189732	-0.980971685111419	-2.09703873280339	0.602877980113512	1.28702835283103
500	-2.28800883776124	1.08972160391488	-0.159762490178659	1	-0.272826102277195	0.260945229757923	-0.610674332344105	-0.722813464773192	0.847017056611001
